5000
[ -6.77973912e-06  -3.16498954e-05  -4.19738644e-05  -4.15642317e-05
  -1.61892443e-03  -2.52185673e-05  -5.18262386e-04   0.00000000e+00
  -8.76271733e-05   0.00000000e+00  -2.70327419e-05  -2.32664868e-03
  -8.20802670e-05  -1.71114481e-03  -2.11911625e-03  -3.80103620e-06]

10000
[ -4.11034489e-06  -1.91883719e-05  -2.54474653e-05  -2.51991169e-05
  -9.81505029e-04  -1.52892535e-05  -3.14206642e-04   0.00000000e+00
  -5.31257319e-05   0.00000000e+00  -1.63891218e-05  -1.41057663e-03
  -4.97627479e-05  -1.03741500e-03  -1.28475600e-03  -2.30445130e-06]

15000
[ -2.49197842e-06  -1.16333240e-05  -1.54280369e-05  -1.52774664e-05
  -5.95056452e-04  -9.26940811e-06  -1.90493767e-04   0.00000000e+00
  -3.22084816e-05   0.00000000e+00  -9.93622689e-06  -8.55189224e-04
  -3.01696564e-05  -6.28953450e-04  -7.78908492e-04  -1.39711858e-06]

25000
[ -9.15957173e-07  -4.27597479e-06  -5.67076540e-06  -5.61541992e-06
  -2.18720656e-04  -3.40708743e-06  -7.00184828e-05   0.00000000e+00
  -1.18386488e-05   0.00000000e+00  -3.65218352e-06  -3.14335834e-04
  -1.10892361e-05  -2.31179802e-04  -2.86297727e-04  -5.13528619e-07]

